Align with trans source snts using phi4
Precision: 0.8848095456631482
Recall: 0.9098631429919773
F1: 0.8971614704513726
------------------
Align using bertalign baseline
Precision: 0.9522248243559719
Recall: 0.9594148183105239
F1: 0.9558062999529855
------------------
Align with trans source snts using deepseek
Precision: 0.7773972602739726
Recall: 0.7498820198206702
F1: 0.7633917847705982
------------------
